255 255 255 255 255 255 255 255 255 255 255 255 255 255 255 255
255 219 159 159 159 159 159 159 159 159 159 159 159 159 219 255
255 159 100 159 159 159 159 159 159 159 159 159 159 100 159 255
255 159 159 255 227  32 171 255 227  32  32 227 255 159 159 255
255 159 159 227   0   0 159  60 255 243  84   0 227 159 159 255
255 159 159 116   0   0 159 171 243 100  60  12  32 159 159 255
255 159 159 255  20 100  60 151 223  60 120  12 171 159 159 255
255 159 159 255 227 243 223 251  28  96  96   0  60 159 159 255
255 159 159 227 255 255  96  28 223 223 243  32 227 159 159 255
255 159 159  32 159 195 155 151  84   0 100  20  32 159 159 255
255 159 159  32   0  36 195  32 104 100   0   0 171 159 159 255
255 159 159 227   0   0 159  32  32 159   0   0 255 159 159 255
255 159 159 255 227 116 116  32 255 255 255 255 255 159 159 255
255 159 100 159 159 159 159 159 159 159 159 159 159 100 159 255
255 219 159 159 159 159 159 159 159 159 159 159 159 159 219 255
255 255 255 255 255 255 255 255 255 255 255 255 255 255 255 255
255 255 255 255 255 255 255 255 255 255 255 255 255 255 255 255
255 219 159 159 159 159 159 159 159 159 159 159 159 159 219 255
255 159 100 159 159 159 159 159 159 159 159 159 159 100 159 255
255 159 159 255 227  32 171 255 227  32  32 227 255 159 159 255
255 159 159 227   0   0 159  60 255 243  84   0 227 159 159 255
255 159 159 116   0   0 159 171 243 100  60  12  32 159 159 255
255 159 159 255  20 100  60 151 223  60 120  12 171 159 159 255
255 159 159 255 227 243 223 251  28  96  96   0  60 159 159 255
255 159 159 227 255 255  96  28 223 223 243  32 227 159 159 255
255 159 159  32 159 195 155 151  84   0 100  20  32 159 159 255
255 159 159  32   0  36 195  32 104 100   0   0 171 159 159 255
255 159 159 227   0   0 159  32  32 159   0   0 255 159 159 255
255 159 159 255 227 116 116  32 255 255 255 255 255 159 159 255
255 159 100 159 159 159 159 159 159 159 159 159 159 100 159 255
255 219 159 159 159 159 159 159 159 159 159 159 159 159 219 255
255 255 255 255 255 255 255 255 255 255 255 255 255 255 255 255
255 255 255 255 255 255 255 255 255 255 255 255 255 255 255 255
255 219 159 159 159 159 159 159 159 159 159 159 159 159 219 255
255 159 100 159 159 159 159 159 159 159 159 159 159 100 159 255
255 159 159 255 227  32 171 255 227  32  32 227 255 159 159 255
255 159 159 227   0   0 159  60 255 243  84   0 227 159 159 255
255 159 159 116   0   0 159 171 243 100  60  12  32 159 159 255
255 159 159 255  20 100  60 151 223  60 120  12 171 159 159 255
255 159 159 255 227 243 223 251  28  96  96   0  60 159 159 255
255 159 159 227 255 255  96  28 223 223 243  32 227 159 159 255
255 159 159  32 159 195 155 151  84   0 100  20  32 159 159 255
255 159 159  32   0  36 195  32 104 100   0   0 171 159 159 255
255 159 159 227   0   0 159  32  32 159   0   0 255 159 159 255
255 159 159 255 227 116 116  32 255 255 255 255 255 159 159 255
255 159 100 159 159 159 159 159 159 159 159 159 159 100 159 255
255 219 159 159 159 159 159 159 159 159 159 159 159 159 219 255
255 255 255 255 255 255 255 255 255 255 255 255 255 255 255 255

255 250 246 246 246 246 246 246 246 246 246 246 246 246 250 255
250 193 159 165 166 166 166 166 166 166 166 166 165 159 193 250
246 159 130 138 135 149 152 140 153 171 172 143 144 149 159 246
246 165 138 118 117 134 137 136 139 135 146 157 146 161 165 246
246 166 135 118 115 145 136 124 133 124 112 118 119 132 166 246
246 166 147 146 133 145 137 125 139 131 120 113 145 135 166 246
246 166 150 145 123 124 127 131 145 125 109  94 170 156 166 246
246 166 157 137 105 110  99  93 127 134 118  98 119 149 166 246
246 166 165 132  95 103 109  97 107 129 132 127 102 135 166 246
246 166 150 114 114 114 114 113 127 133 126 142 138 140 166 246
246 166 142 126 133 129 111 123 150 147 134 132 150 149 166 246
246 166 135 117 113 117  96 120 155 144 126 112 118 135 166 246
246 165 138 118 118 141 135 143 145 137 138 118 118 138 165 246
246 159 131 138 135 151 154 156 134 122 138 135 138 130 159 246
250 193 159 165 166 166 166 166 166 166 166 166 165 159 193 250
255 250 246 246 246 246 246 246 246 246 246 246 246 246 250 255
255 250 246 246 246 246 246 246 246 246 246 246 246 246 250 255
250 193 159 165 166 166 166 166 166 166 166 166 165 159 193 250
246 159 130 138 135 149 152 140 153 171 172 143 144 149 159 246
246 165 138 118 117 134 137 136 139 135 146 157 146 161 165 246
246 166 135 118 115 145 136 124 133 124 112 118 119 132 166 246
246 166 147 146 133 145 137 125 139 131 120 113 145 135 166 246
246 166 150 145 123 124 127 131 145 125 109  94 170 156 166 246
246 166 157 137 105 110  99  93 127 134 118  98 119 149 166 246
246 166 165 132  95 103 109  97 107 129 132 127 102 135 166 246
246 166 150 114 114 114 114 113 127 133 126 142 138 140 166 246
246 166 142 126 133 129 111 123 150 147 134 132 150 149 166 246
246 166 135 117 113 117  96 120 155 144 126 112 118 135 166 246
246 165 138 118 118 141 135 143 145 137 138 118 118 138 165 246
246 159 131 138 135 151 154 156 134 122 138 135 138 130 159 246
250 193 159 165 166 166 166 166 166 166 166 166 165 159 193 250
255 250 246 246 246 246 246 246 246 246 246 246 246 246 250 255
255 250 246 246 246 246 246 246 246 246 246 246 246 246 250 255
250 193 159 165 166 166 166 166 166 166 166 166 165 159 193 250
246 159 130 138 135 149 152 140 153 171 172 143 144 149 159 246
246 165 138 118 117 134 137 136 139 135 146 157 146 161 165 246
246 166 135 118 115 145 136 124 133 124 112 118 119 132 166 246
246 166 147 146 133 145 137 125 139 131 120 113 145 135 166 246
246 166 150 145 123 124 127 131 145 125 109  94 170 156 166 246
246 166 157 137 105 110  99  93 127 134 118  98 119 149 166 246
246 166 165 132  95 103 109  97 107 129 132 127 102 135 166 246
246 166 150 114 114 114 114 113 127 133 126 142 138 140 166 246
246 166 142 126 133 129 111 123 150 147 134 132 150 149 166 246
246 166 135 117 113 117  96 120 155 144 126 112 118 135 166 246
246 165 138 118 118 141 135 143 145 137 138 118 118 138 165 246
246 159 131 138 135 151 154 156 134 122 138 135 138 130 159 246
250 193 159 165 166 166 166 166 166 166 166 166 165 159 193 250
255 250 246 246 246 246 246 246 246 246 246 246 246 246 250 255

255 250 246 246 246 246 246 246 246 246 246 246 246 246 250 255
250 193 159 165 166 166 166 166 166 166 166 166 165 159 193 250
246 159 149 161 132 135 156 149 135 140 149 135 138 130 159 246
246 165 144 146 119 145 170 119 102 138 150 118 118 138 165 246
246 166 143 157 118 113  94  98 127 142 132 112 118 135 166 246
246 166 172 146 112 120 109 118 132 126 134 126 138 138 166 246
246 166 171 135 124 131 125 134 129 133 147 144 137 122 166 246
246 166 153 139 133 139 145 127 107 127 150 155 145 134 166 246
246 166 140 136 124 125 131  93  97 113 123 120 143 156 166 246
246 166 152 137 136 137 127  99 109 114 111  96 135 154 166 246
246 166 149 134 145 145 124 110 103 114 129 117 141 151 166 246
246 166 135 117 115 133 123 105  95 114 133 113 118 135 166 246
246 165 138 118 118 146 145 137 132 114 126 117 118 138 165 246
246 159 130 138 135 147 150 157 165 150 142 135 138 131 159 246
250 193 159 165 166 166 166 166 166 166 166 166 165 159 193 250
255 250 246 246 246 246 246 246 246 246 246 246 246 246 250 255
255 250 246 246 246 246 246 246 246 246 246 246 246 246 250 255
250 193 159 165 166 166 166 166 166 166 166 166 165 159 193 250
246 159 149 161 132 135 156 149 135 140 149 135 138 130 159 246
246 165 144 146 119 145 170 119 102 138 150 118 118 138 165 246
246 166 143 157 118 113  94  98 127 142 132 112 118 135 166 246
246 166 172 146 112 120 109 118 132 126 134 126 138 138 166 246
246 166 171 135 124 131 125 134 129 133 147 144 137 122 166 246
246 166 153 139 133 139 145 127 107 127 150 155 145 134 166 246
246 166 140 136 124 125 131  93  97 113 123 120 143 156 166 246
246 166 152 137 136 137 127  99 109 114 111  96 135 154 166 246
246 166 149 134 145 145 124 110 103 114 129 117 141 151 166 246
246 166 135 117 115 133 123 105  95 114 133 113 118 135 166 246
246 165 138 118 118 146 145 137 132 114 126 117 118 138 165 246
246 159 130 138 135 147 150 157 165 150 142 135 138 131 159 246
250 193 159 165 166 166 166 166 166 166 166 166 165 159 193 250
255 250 246 246 246 246 246 246 246 246 246 246 246 246 250 255
255 250 246 246 246 246 246 246 246 246 246 246 246 246 250 255
250 193 159 165 166 166 166 166 166 166 166 166 165 159 193 250
246 159 149 161 132 135 156 149 135 140 149 135 138 130 159 246
246 165 144 146 119 145 170 119 102 138 150 118 118 138 165 246
246 166 143 157 118 113  94  98 127 142 132 112 118 135 166 246
246 166 172 146 112 120 109 118 132 126 134 126 138 138 166 246
246 166 171 135 124 131 125 134 129 133 147 144 137 122 166 246
246 166 153 139 133 139 145 127 107 127 150 155 145 134 166 246
246 166 140 136 124 125 131  93  97 113 123 120 143 156 166 246
246 166 152 137 136 137 127  99 109 114 111  96 135 154 166 246
246 166 149 134 145 145 124 110 103 114 129 117 141 151 166 246
246 166 135 117 115 133 123 105  95 114 133 113 118 135 166 246
246 165 138 118 118 146 145 137 132 114 126 117 118 138 165 246
246 159 130 138 135 147 150 157 165 150 142 135 138 131 159 246
250 193 159 165 166 166 166 166 166 166 166 166 165 159 193 250
255 250 246 246 246 246 246 246 246 246 246 246 246 246 250 255

255 250 246 246 246 246 246 246 246 246 246 246 246 246 250 255
250 193 159 165 166 166 166 166 166 166 166 166 165 159 193 250
246 159 130 138 135 138 122 134 156 154 151 135 138 131 159 246
246 165 138 118 118 138 137 145 143 135 141 118 118 138 165 246
246 166 135 118 112 126 144 155 120  96 117 113 117 135 166 246
246 166 149 150 132 134 147 150 123 111 129 133 126 142 166 246
246 166 140 138 142 126 133 127 113 114 114 114 114 150 166 246
246 166 135 102 127 132 129 107  97 109 103  95 132 165 166 246
246 166 149 119  98 118 134 127  93  99 110 105 137 157 166 246
246 166 156 170  94 109 125 145 131 127 124 123 145 150 166 246
246 166 135 145 113 120 131 139 125 137 145 133 146 147 166 246
246 166 132 119 118 112 124 133 124 136 145 115 118 135 166 246
246 165 161 146 157 146 135 139 136 137 134 117 118 138 165 246
246 159 149 144 143 172 171 153 140 152 149 135 138 130 159 246
250 193 159 165 166 166 166 166 166 166 166 166 165 159 193 250
255 250 246 246 246 246 246 246 246 246 246 246 246 246 250 255
255 250 246 246 246 246 246 246 246 246 246 246 246 246 250 255
250 193 159 165 166 166 166 166 166 166 166 166 165 159 193 250
246 159 130 138 135 138 122 134 156 154 151 135 138 131 159 246
246 165 138 118 118 138 137 145 143 135 141 118 118 138 165 246
246 166 135 118 112 126 144 155 120  96 117 113 117 135 166 246
246 166 149 150 132 134 147 150 123 111 129 133 126 142 166 246
246 166 140 138 142 126 133 127 113 114 114 114 114 150 166 246
246 166 135 102 127 132 129 107  97 109 103  95 132 165 166 246
246 166 149 119  98 118 134 127  93  99 110 105 137 157 166 246
246 166 156 170  94 109 125 145 131 127 124 123 145 150 166 246
246 166 135 145 113 120 131 139 125 137 145 133 146 147 166 246
246 166 132 119 118 112 124 133 124 136 145 115 118 135 166 246
246 165 161 146 157 146 135 139 136 137 134 117 118 138 165 246
246 159 149 144 143 172 171 153 140 152 149 135 138 130 159 246
250 193 159 165 166 166 166 166 166 166 166 166 165 159 193 250
255 250 246 246 246 246 246 246 246 246 246 246 246 246 250 255
255 250 246 246 246 246 246 246 246 246 246 246 246 246 250 255
250 193 159 165 166 166 166 166 166 166 166 166 165 159 193 250
246 159 130 138 135 138 122 134 156 154 151 135 138 131 159 246
246 165 138 118 118 138 137 145 143 135 141 118 118 138 165 246
246 166 135 118 112 126 144 155 120  96 117 113 117 135 166 246
246 166 149 150 132 134 147 150 123 111 129 133 126 142 166 246
246 166 140 138 142 126 133 127 113 114 114 114 114 150 166 246
246 166 135 102 127 132 129 107  97 109 103  95 132 165 166 246
246 166 149 119  98 118 134 127  93  99 110 105 137 157 166 246
246 166 156 170  94 109 125 145 131 127 124 123 145 150 166 246
246 166 135 145 113 120 131 139 125 137 145 133 146 147 166 246
246 166 132 119 118 112 124 133 124 136 145 115 118 135 166 246
246 165 161 146 157 146 135 139 136 137 134 117 118 138 165 246
246 159 149 144 143 172 171 153 140 152 149 135 138 130 159 246
250 193 159 165 166 166 166 166 166 166 166 166 165 159 193 250
255 250 246 246 246 246 246 246 246 246 246 246 246 246 250 255
